ZTF18aaiykoz 0.03043089 239.497841 40.033895
filter ztfg
59008.382 19.465 0.168 
59008.383 19.474 0.169 
59009.195 19.041 0.060 
59009.195 18.958 0.053 
59009.383 18.788 0.073 
59009.383 18.960 0.083 
59010.383 18.347 0.034 
59010.383 18.324 0.032 
59011.195 17.788 0.014 
59011.196 17.834 0.014 
59011.383 17.707 0.021 
59011.383 17.746 0.021 
59012.214 17.357 0.009 
59012.214 17.404 0.009 
59012.300 17.355 0.009 
59012.300 17.363 0.010 
59012.383 17.284 0.012 
59012.383 17.316 0.011 
59013.207 17.037 0.008 
59013.207 17.092 0.008 
59013.382 17.032 0.009 
59013.383 17.015 0.009 
59014.214 16.752 0.006 
59014.214 16.795 0.005 
59014.382 16.746 0.007 
59014.382 16.758 0.007 
59015.195 16.581 0.007 
59015.195 16.633 0.005 
59015.383 16.573 0.006 
59015.383 16.617 0.008 
59016.204 16.477 0.005 
59016.218 16.460 0.005 
59016.218 16.514 0.010 
59016.382 16.446 0.006 
59017.195 16.328 0.005 
59017.196 16.361 0.004 
59017.385 16.339 0.004 
59018.220 16.207 0.005 
59018.221 16.241 0.004 
59018.340 16.261 0.004 
59018.381 16.193 0.006 
59018.382 16.265 0.005 
59019.195 16.154 0.004 
59019.195 16.186 0.004 
59019.261 16.140 0.004 
59019.382 16.164 0.005 
59019.382 16.166 0.004 
59020.214 16.066 0.004 
59020.215 16.145 0.006 
59020.380 16.097 0.005 
59020.381 16.118 0.004 
59021.193 16.066 0.004 
59021.194 16.106 0.005 
59022.206 16.060 0.003 
59022.206 16.023 0.004 
59022.214 16.035 0.003 
59022.214 16.084 0.004 
59022.381 16.037 0.007 
59022.381 16.076 0.005 
59023.230 16.036 0.004 
59023.322 16.079 0.004 
59023.323 16.043 0.005 
59024.276 16.035 0.003 
59024.276 16.017 0.005 
59024.371 16.050 0.004 
59025.222 16.036 0.005 
59025.223 16.029 0.005 
59025.238 16.022 0.005 
59025.244 16.076 0.005 
59026.372 16.074 0.005 
59026.373 16.106 0.005 
59027.208 16.101 0.005 
59027.247 16.093 0.005 
59028.339 16.154 0.006 
59028.351 16.125 0.006 
59028.360 16.168 0.006 
59029.236 16.159 0.008 
59029.249 16.183 0.008 
59029.292 16.177 0.010 
59030.348 16.228 0.009 
59030.349 16.223 0.008 
59031.185 16.203 0.008 
59031.187 16.239 0.008 
59031.198 16.231 0.007 
59031.204 16.231 0.007 
59031.321 16.214 0.008 
59032.364 16.305 0.009 
59032.385 16.299 0.009 
59032.386 16.304 0.010 
59033.225 16.333 0.008 
59033.228 16.317 0.009 
59033.245 16.302 0.009 
59034.232 16.350 0.008 
59034.238 16.374 0.008 
59035.220 16.447 0.013 
59035.229 16.439 0.014 
59035.230 16.461 0.011 
59035.449 16.555 0.029 
59036.207 16.478 0.008 
59036.231 16.477 0.009 
59036.236 16.514 0.008 
59037.220 16.599 0.010 
59037.221 16.629 0.011 
59037.222 16.558 0.010 
59037.223 16.624 0.012 
59037.267 16.587 0.009 
59037.337 16.617 0.011 
59037.338 16.586 0.011 
59038.237 16.626 0.006 
59038.237 16.650 0.006 
59038.276 16.663 0.008 
59039.186 16.750 0.005 
59039.187 16.726 0.005 
59039.341 16.788 0.011 
59040.224 16.831 0.005 
59040.227 16.822 0.006 
59040.235 16.810 0.005 
59040.236 16.821 0.006 
59040.251 16.832 0.006 
59041.207 16.876 0.008 
59041.380 16.932 0.013 
59041.381 16.917 0.013 
59042.202 17.019 0.007 
59042.205 16.987 0.007 
59042.317 17.025 0.009 
59042.317 17.000 0.008 
59043.197 17.098 0.007 
59043.200 17.115 0.008 
59043.216 17.081 0.007 
59043.217 17.115 0.007 
59043.218 17.111 0.007 
59043.218 17.077 0.008 
59044.199 17.187 0.007 
59044.200 17.174 0.008 
59044.202 17.190 0.009 
59044.374 17.224 0.017 
59045.249 17.283 0.009 
59045.250 17.323 0.010 
59045.250 17.291 0.008 
59045.261 17.294 0.009 
59045.286 17.275 0.009 
59046.214 17.360 0.010 
59046.215 17.386 0.009 
59046.216 17.406 0.011 
59046.351 17.363 0.013 
59046.353 17.378 0.013 
59047.244 17.432 0.009 
59047.244 17.469 0.009 
59047.245 17.472 0.009 
59047.263 17.490 0.010 
59048.262 17.586 0.017 
59048.360 17.556 0.014 
59048.362 17.577 0.015 
59049.201 17.658 0.010 
59049.201 17.597 0.010 
59049.202 17.635 0.011 
59049.300 17.664 0.015 
59049.301 17.661 0.015 
59049.313 17.635 0.015 
59050.204 17.759 0.014 
59050.204 17.729 0.013 
59050.205 17.781 0.015 
59050.392 17.766 0.029 
59050.393 17.797 0.034 
59051.181 17.825 0.016 
59051.185 17.836 0.014 
59051.299 17.812 0.014 
59051.300 17.821 0.016 
59051.303 17.820 0.016 
59052.278 17.893 0.014 
59052.279 17.895 0.014 
59052.285 17.937 0.015 
59052.285 17.899 0.014 
59052.319 17.956 0.018 
59052.320 17.880 0.015 
59053.205 17.973 0.014 
59053.206 17.954 0.015 
59053.247 17.990 0.015 
59053.361 18.046 0.021 
59053.362 17.932 0.018 
59054.247 18.060 0.017 
59054.262 18.079 0.020 
59054.263 18.023 0.019 
59054.288 18.104 0.022 
59055.300 18.174 0.020 
59055.312 18.195 0.023 
59055.384 18.188 0.037 
59056.265 18.172 0.023 
59056.266 18.173 0.025 
59056.284 18.279 0.029 
59057.266 18.318 0.030 
59057.381 18.281 0.045 
59059.285 18.399 0.050 
59059.286 18.448 0.040 
59059.293 18.415 0.047 
59059.386 18.476 0.064 
59060.214 18.497 0.046 
59060.215 18.410 0.041 
59060.335 18.466 0.063 
59060.357 18.652 0.096 
59061.171 18.455 0.041 
59061.172 18.536 0.043 
59062.185 18.533 0.049 
59062.186 18.558 0.045 
59062.197 18.601 0.056 
59062.198 18.608 0.061 
59062.343 18.543 0.099 
59062.364 18.514 0.122 
59063.238 18.601 0.067 
59063.239 18.551 0.063 
59063.240 18.549 0.060 
59063.265 18.711 0.079 
59064.201 18.753 0.108 
59064.202 18.626 0.102 
59065.205 18.738 0.077 
59065.205 18.671 0.076 
59065.206 18.692 0.081 
59065.221 18.640 0.084 
59065.264 18.779 0.115 
59065.265 18.748 0.104 
59066.187 18.735 0.048 
59066.188 18.746 0.049 
59066.197 18.724 0.050 
59066.199 18.728 0.060 
59066.318 18.854 0.148 
59066.359 19.081 0.237 
59067.205 18.753 0.040 
59067.213 18.661 0.042 
59067.214 18.696 0.045 
59067.215 18.771 0.050 
59067.316 18.618 0.088 
59067.336 18.752 0.114 
59068.183 18.861 0.038 
59068.183 18.883 0.032 
59068.196 18.778 0.031 
59068.226 18.824 0.055 
59069.185 18.797 0.029 
59069.186 18.772 0.034 
59069.298 18.772 0.067 
59069.344 18.959 0.127 
59070.219 18.812 0.033 
59070.220 18.887 0.034 
59070.245 18.837 0.039 
59070.246 18.834 0.040 
59070.321 18.805 0.069 
59070.335 19.029 0.097 
59071.215 18.841 0.037 
59071.217 18.944 0.039 
59072.215 18.876 0.035 
59072.240 18.865 0.044 
59072.243 18.927 0.040 
59072.244 18.843 0.042 
59072.343 19.094 0.163 
59073.226 18.972 0.044 
59073.237 18.966 0.044 
59073.238 19.097 0.045 
59073.238 18.851 0.039 
59073.318 18.926 0.075 
59073.319 18.927 0.074 
59074.198 18.879 0.039 
59074.199 18.960 0.043 
59074.199 19.014 0.042 
59074.227 18.932 0.039 
59075.198 18.948 0.045 
59075.207 19.107 0.059 
59076.183 19.001 0.043 
59076.184 18.951 0.040 
59077.224 18.922 0.064 
59077.225 19.141 0.075 
59077.233 19.103 0.053 
59077.243 19.043 0.060 
59078.206 18.975 0.044 
59078.206 19.024 0.048 
59078.221 19.020 0.047 
59078.221 19.030 0.050 
59079.166 19.041 0.050 
59079.167 19.044 0.044 
59079.167 19.038 0.044 
59079.176 19.014 0.039 
59079.182 19.024 0.043 
59081.216 19.043 0.062 
59081.216 19.058 0.068 
59081.248 19.021 0.079 
59081.296 19.096 0.107 
59082.286 19.337 0.144 
59084.173 19.173 0.058 
59084.179 19.147 0.063 
59085.250 19.018 0.054 
59085.260 19.164 0.075 
59085.262 19.174 0.069 
59086.194 19.208 0.072 
59086.200 19.181 0.066 
59086.285 19.185 0.098 
59086.286 19.099 0.098 
59087.174 19.033 0.069 
59087.183 19.305 0.102 
59088.255 19.116 0.164 
59088.260 19.166 0.172 
59088.275 19.520 0.297 
59088.293 19.295 0.267 
59089.243 19.245 0.189 
59089.244 19.609 0.297 
59090.238 19.242 0.126 
59090.240 19.027 0.117 
59090.251 19.263 0.148 
59091.214 19.065 0.101 
59091.215 19.186 0.118 
59091.252 19.126 0.126 
59091.272 19.198 0.150 
59092.254 19.372 0.194 
59092.255 19.399 0.196 
59093.155 18.968 0.100 
59093.155 19.373 0.148 
59093.165 19.082 0.110 
59093.184 18.794 0.101 
59094.185 19.291 0.164 
59094.186 19.190 0.141 
59094.186 19.380 0.176 
59094.187 19.303 0.160 
filter ztfr
59008.348 19.327 0.114 
59009.223 18.740 0.064 
59009.224 18.902 0.085 
59009.224 18.945 0.079 
59009.225 19.229 0.109 
59011.262 17.753 0.023 
59011.267 17.735 0.019 
59012.248 17.399 0.013 
59012.259 17.359 0.014 
59012.260 17.382 0.014 
59012.269 17.437 0.016 
59012.270 17.425 0.017 
59012.282 17.452 0.021 
59013.317 17.126 0.013 
59013.317 17.078 0.011 
59013.335 17.068 0.012 
59014.239 16.905 0.010 
59014.240 16.890 0.009 
59014.268 16.942 0.012 
59015.319 16.743 0.010 
59015.319 16.711 0.009 
59015.320 16.750 0.013 
59017.263 16.482 0.008 
59017.284 16.518 0.008 
59019.238 16.298 0.009 
59019.248 16.393 0.015 
59020.255 16.272 0.009 
59020.262 16.333 0.011 
59020.286 16.312 0.009 
59022.236 16.192 0.006 
59022.237 16.183 0.007 
59022.247 16.240 0.008 
59022.248 16.211 0.009 
59022.261 16.192 0.001 
59022.262 16.240 0.008 
59023.200 16.189 0.009 
59023.300 16.219 0.007 
59023.300 16.180 0.006 
59024.268 16.229 0.010 
59025.186 16.152 0.008 
59025.187 16.163 0.008 
59025.197 16.208 0.011 
59025.198 16.109 0.008 
59025.202 16.101 0.006 
59025.368 16.171 0.008 
59027.260 16.148 0.008 
59027.260 16.212 0.008 
59027.286 16.201 0.010 
59027.287 16.138 0.009 
59028.225 16.181 0.010 
59028.226 16.214 0.010 
59028.240 16.216 0.009 
59028.246 16.189 0.007 
59028.248 16.209 0.010 
59028.266 16.206 0.006 
59028.266 16.258 0.010 
59029.217 16.249 0.012 
59029.221 16.291 0.012 
59031.225 16.338 0.011 
59031.234 16.311 0.011 
59031.370 16.264 0.011 
59031.371 16.346 0.013 
59032.226 16.368 0.009 
59032.349 16.361 0.011 
59032.349 16.348 0.013 
59033.186 16.412 0.011 
59033.186 16.483 0.013 
59033.354 16.463 0.014 
59034.270 16.480 0.012 
59034.330 16.496 0.012 
59034.330 16.538 0.012 
59034.331 16.507 0.013 
59034.344 16.554 0.013 
59034.357 16.504 0.014 
59035.312 16.637 0.014 
59035.313 16.626 0.017 
59035.365 16.622 0.015 
59035.367 16.555 0.017 
59036.268 16.694 0.013 
59036.269 16.636 0.013 
59036.362 16.678 0.015 
59037.199 16.803 0.018 
59037.204 16.749 0.019 
59037.206 16.805 0.017 
59037.361 16.707 0.014 
59038.200 16.768 0.011 
59038.363 16.864 0.018 
59038.393 16.905 0.024 
59039.223 16.854 0.011 
59039.224 16.831 0.010 
59039.253 16.895 0.015 
59039.254 16.844 0.010 
59040.276 16.946 0.011 
59040.277 16.882 0.013 
59040.278 16.895 0.012 
59041.237 16.867 0.011 
59041.238 16.979 0.017 
59041.256 16.893 0.012 
59041.272 16.951 0.011 
59042.220 16.916 0.012 
59042.220 16.936 0.013 
59042.237 16.927 0.012 
59042.238 16.974 0.011 
59043.250 16.976 0.012 
59043.264 16.904 0.012 
59043.264 17.057 0.017 
59043.264 16.912 0.012 
59044.220 16.980 0.010 
59044.221 17.035 0.013 
59044.232 16.925 0.010 
59044.392 17.049 0.020 
59044.393 17.060 0.020 
59045.197 16.998 0.011 
59045.199 17.048 0.013 
59045.222 16.981 0.010 
59045.223 17.027 0.012 
59045.223 16.937 0.010 
59046.198 17.001 0.012 
59046.199 16.998 0.011 
59046.206 17.022 0.012 
59046.207 17.018 0.012 
59046.385 16.984 0.016 
59046.409 16.979 0.018 
59047.220 16.992 0.012 
59047.220 17.020 0.016 
59047.221 16.972 0.010 
59047.408 17.073 0.020 
59048.204 17.028 0.015 
59048.205 17.006 0.010 
59048.206 17.018 0.011 
59048.383 17.008 0.020 
59048.383 17.035 0.017 
59049.176 17.020 0.013 
59049.177 17.015 0.012 
59049.179 17.118 0.015 
59049.350 17.056 0.015 
59050.271 17.043 0.013 
59050.288 17.096 0.013 
59050.289 17.064 0.013 
59050.310 17.092 0.015 
59050.311 17.047 0.014 
59051.198 17.054 0.013 
59051.245 17.064 0.012 
59051.250 17.057 0.014 
59051.351 17.148 0.016 
59051.360 17.080 0.015 
59052.170 17.026 0.011 
59052.173 17.099 0.018 
59052.257 17.015 0.013 
59052.258 17.085 0.011 
59052.259 17.089 0.012 
59052.260 17.108 0.013 
59052.366 17.146 0.019 
59052.368 17.061 0.013 
59053.309 17.070 0.012 
59053.309 17.126 0.012 
59054.206 17.163 0.014 
59054.206 17.123 0.013 
59054.207 17.089 0.012 
59054.349 17.174 0.016 
59054.350 17.175 0.016 
59055.202 17.178 0.013 
59055.203 17.155 0.013 
59055.246 17.147 0.012 
59055.326 17.198 0.015 
59055.327 17.187 0.016 
59056.196 17.196 0.014 
59056.196 17.227 0.018 
59057.178 17.230 0.018 
59057.179 17.265 0.015 
59057.179 17.263 0.014 
59057.342 17.261 0.018 
59057.343 17.250 0.019 
59059.166 17.396 0.019 
59059.179 17.340 0.017 
59059.180 17.390 0.024 
59059.343 17.391 0.024 
59059.344 17.382 0.022 
59060.205 17.364 0.018 
59061.255 17.497 0.021 
59061.267 17.440 0.023 
59061.335 17.461 0.027 
59061.355 17.537 0.033 
59062.222 17.546 0.023 
59062.224 17.595 0.025 
59062.225 17.565 0.026 
59062.246 17.518 0.025 
59062.320 17.621 0.039 
59062.323 17.616 0.042 
59063.159 17.636 0.026 
59063.164 17.559 0.025 
59063.178 17.694 0.036 
59063.179 17.568 0.024 
59063.343 17.702 0.055 
59063.362 17.792 0.081 
59064.277 17.747 0.044 
59064.278 17.724 0.047 
59064.291 17.790 0.057 
59064.292 17.866 0.064 
59064.335 17.736 0.063 
59065.161 17.765 0.034 
59065.172 17.784 0.035 
59065.173 17.753 0.034 
59065.174 17.841 0.041 
59065.344 17.854 0.083 
59066.223 17.791 0.029 
59066.223 17.881 0.035 
59066.224 17.805 0.032 
59066.224 17.750 0.028 
59067.159 17.794 0.022 
59067.159 17.807 0.025 
59067.176 17.896 0.023 
59067.177 17.880 0.018 
59067.299 17.883 0.036 
59068.240 17.864 0.028 
59068.241 17.885 0.031 
59068.266 17.919 0.034 
59068.267 17.892 0.035 
59068.345 17.922 0.061 
59069.197 17.917 0.023 
59069.200 17.948 0.020 
59069.219 17.862 0.023 
59070.181 17.890 0.023 
59070.182 17.907 0.021 
59070.182 18.057 0.028 
59070.198 17.982 0.024 
59070.303 17.972 0.035 
59071.184 18.080 0.032 
59071.185 17.928 0.025 
59071.324 18.023 0.039 
59071.351 18.112 0.065 
59072.182 18.044 0.028 
59072.182 18.075 0.027 
59072.185 17.990 0.029 
59072.196 17.974 0.025 
59072.322 18.282 0.054 
59073.180 18.134 0.031 
59073.181 18.071 0.030 
59073.182 17.991 0.027 
59073.209 18.087 0.026 
59074.182 18.196 0.034 
59074.184 17.979 0.036 
59074.184 18.234 0.040 
59075.220 18.164 0.033 
59075.222 18.055 0.030 
59075.301 18.305 0.050 
59075.303 18.151 0.044 
59076.204 18.170 0.027 
59076.205 18.122 0.027 
59077.154 18.105 0.031 
59077.154 18.222 0.036 
59077.260 18.199 0.035 
59078.179 18.153 0.026 
59078.179 18.200 0.029 
59078.282 18.156 0.036 
59078.284 18.386 0.053 
59079.205 18.212 0.031 
59079.206 18.257 0.033 
59079.228 18.313 0.042 
59079.300 18.377 0.059 
59079.301 18.329 0.053 
59080.167 18.212 0.038 
59080.182 18.318 0.043 
59080.301 18.390 0.078 
59080.302 18.329 0.070 
59081.174 18.231 0.038 
59081.175 18.327 0.040 
59082.166 18.479 0.038 
59082.175 18.453 0.048 
59082.258 18.313 0.060 
59082.259 18.373 0.063 
59084.197 18.526 0.062 
59084.208 18.483 0.054 
59084.285 18.339 0.071 
59085.177 18.539 0.074 
59086.163 18.470 0.046 
59086.164 18.461 0.047 
59086.175 18.349 0.039 
59086.186 18.478 0.051 
59087.156 18.514 0.057 
59087.157 18.511 0.054 
59087.260 18.463 0.085 
59087.276 18.643 0.110 
59088.165 18.484 0.074 
59088.180 18.580 0.075 
59088.181 18.531 0.073 
59089.140 18.772 0.099 
59089.141 18.635 0.085 
59089.218 18.607 0.095 
59090.161 18.492 0.063 
59090.165 18.565 0.063 
59091.205 18.757 0.082 
59091.205 18.712 0.071 
59092.216 18.618 0.082 
59092.217 18.642 0.077 
59092.231 18.681 0.083 
59092.231 18.790 0.092 
59093.137 18.614 0.073 
59093.141 18.679 0.074 
59093.204 18.881 0.114 
59093.204 18.842 0.107 
59093.206 18.752 0.097 
59094.160 18.865 0.089 
59094.161 18.752 0.095 
59094.161 18.742 0.085 
59094.285 18.921 0.223 
59094.286 18.992 0.249 
filter ztfi
59008.358 19.360 0.102 
59008.371 19.661 0.156 
59009.321 19.140 0.092 
59009.322 19.018 0.072 
59011.225 18.069 0.024 
59011.226 18.150 0.029 
59011.358 17.938 0.026 
59012.336 17.619 0.017 
59012.349 17.788 0.021 
59012.357 17.681 0.019 
59012.369 17.709 0.019 
59013.264 17.457 0.014 
59014.281 17.231 0.011 
59014.290 17.260 0.013 
59014.311 17.295 0.013 
59014.311 17.227 0.010 
59015.176 17.088 0.012 
59015.177 17.073 0.011 
59015.202 17.107 0.011 
59015.202 17.090 0.011 
59016.281 16.941 0.011 
59016.282 17.052 0.013 
59016.300 16.925 0.011 
59017.183 16.916 0.009 
59017.184 16.897 0.010 
59017.201 16.906 0.009 
59017.341 16.934 0.011 
59018.279 16.861 0.009 
59018.286 16.853 0.010 
59018.299 16.854 0.009 
59018.300 16.864 0.009 
59019.202 16.823 0.010 
59019.300 16.821 0.008 
59019.301 16.877 0.010 
59020.306 16.884 0.010 
59020.307 16.795 0.008 
59020.315 16.822 0.009 
59020.327 16.829 0.009 
59021.172 16.817 0.010 
59022.278 16.820 0.007 
59022.278 16.911 0.008 
59022.295 16.856 0.008 
59022.307 16.885 0.009 
59023.262 16.837 0.009 
59023.268 16.915 0.012 
59023.277 16.971 0.011 
59023.278 16.849 0.009 
59024.295 16.862 0.014 
59025.265 16.921 0.009 
59025.266 17.057 0.015 
59025.274 16.987 0.010 
59025.275 16.908 0.009 
59026.305 17.063 0.011 
59026.306 16.933 0.009 
59026.316 17.042 0.012 
59026.335 16.951 0.009 
59027.308 17.110 0.013 
59027.308 16.971 0.010 
59027.317 17.096 0.013 
59027.335 17.016 0.010 
59028.285 17.167 0.014 
59028.286 17.010 0.011 
59028.304 17.165 0.015 
59028.305 17.030 0.011 
59029.173 17.030 0.020 
59029.192 17.209 0.019 
59029.194 17.072 0.017 
59031.262 17.188 0.013 
59031.263 17.320 0.022 
59031.273 17.211 0.016 
59031.286 17.157 0.014 
59032.266 17.276 0.021 
59032.267 17.191 0.014 
59032.275 17.165 0.014 
59032.276 17.311 0.018 
59033.269 17.405 0.018 
59033.270 17.264 0.014 
59033.273 17.306 0.014 
59033.285 17.398 0.019 
59034.264 17.530 0.022 
59034.265 17.339 0.017 
59034.274 17.375 0.019 
59034.286 17.526 0.021 
59035.244 17.551 0.024 
59035.245 17.450 0.020 
59035.254 17.662 0.035 
59035.254 17.505 0.025 
59036.308 17.712 0.029 
59036.309 17.533 0.020 
59036.314 17.711 0.027 
59036.315 17.543 0.020 
59037.290 17.805 0.025 
59037.291 17.681 0.021 
59037.294 17.787 0.024 
59037.295 17.575 0.016 
59038.301 17.825 0.025 
59038.302 17.706 0.021 
59038.315 17.866 0.027 
59038.316 17.706 0.023 
59039.289 17.843 0.021 
59039.289 17.684 0.018 
59039.301 17.736 0.021 
59039.316 17.859 0.025 
59040.309 17.698 0.019 
59040.310 17.738 0.021 
59040.314 17.761 0.022 
59040.326 17.747 0.020 
59041.172 17.744 0.024 
59041.173 17.734 0.022 
59042.255 17.737 0.019 
59042.255 17.729 0.017 
59042.274 17.829 0.023 
59042.275 17.768 0.018 
59043.172 17.740 0.025 
59043.176 17.709 0.020 
59043.297 17.675 0.017 
59043.316 17.707 0.017 
59044.267 17.708 0.020 
59044.268 17.625 0.016 
59044.274 17.738 0.018 
59044.280 17.715 0.020 
59045.172 17.638 0.021 
59045.173 17.623 0.018 
59045.295 17.654 0.019 
59045.296 17.644 0.017 
59046.296 17.556 0.017 
59046.300 17.531 0.017 
59046.321 17.690 0.022 
59046.323 17.616 0.020 
59047.172 17.623 0.018 
59047.179 17.546 0.015 
59047.197 17.593 0.013 
59047.198 17.640 0.017 
59048.301 17.497 0.014 
59048.302 17.547 0.016 
59048.315 17.560 0.015 
59048.317 17.606 0.017 
59049.249 17.590 0.016 
59049.252 17.532 0.017 
59049.265 17.506 0.014 
59049.276 17.490 0.014 
59050.318 17.588 0.019 
59050.326 17.490 0.017 
59050.341 17.562 0.017 
59050.348 17.538 0.019 
59051.266 17.506 0.015 
59051.266 17.560 0.017 
59051.275 17.573 0.018 
59051.276 17.463 0.015 
59052.209 17.547 0.017 
59052.346 17.506 0.016 
59052.348 17.488 0.018 
59053.263 17.442 0.014 
59053.264 17.461 0.017 
59053.274 17.488 0.017 
59053.275 17.461 0.015 
59054.298 17.432 0.015 
59054.306 17.453 0.017 
59054.315 17.441 0.016 
59054.322 17.567 0.021 
59055.267 17.461 0.015 
59055.267 17.508 0.016 
59055.274 17.444 0.016 
59055.274 17.453 0.013 
59056.303 17.498 0.019 
59056.305 17.588 0.020 
59056.322 17.568 0.021 
59056.329 17.529 0.027 
59057.275 17.490 0.016 
59057.285 17.483 0.018 
59057.296 17.561 0.018 
59057.298 17.473 0.015 
59059.205 17.629 0.021 
59059.206 17.537 0.019 
59059.243 17.620 0.024 
59059.244 17.603 0.022 
59060.236 17.596 0.020 
59060.237 17.613 0.020 
59060.257 17.664 0.022 
59060.259 17.588 0.020 
59061.203 17.770 0.025 
59061.204 17.710 0.022 
59061.212 17.733 0.023 
59061.232 17.711 0.021 
59062.254 17.842 0.028 
59062.255 17.737 0.022 
59062.275 17.789 0.029 
59062.283 17.833 0.031 
59063.207 17.839 0.027 
59063.208 17.839 0.024 
59063.213 17.893 0.028 
59063.214 17.803 0.027 
59064.236 17.893 0.037 
59064.237 17.945 0.029 
59064.252 17.900 0.033 
59064.256 17.890 0.031 
59065.276 18.003 0.036 
59065.283 18.215 0.057 
59065.295 17.926 0.050 
59065.302 18.008 0.055 
59066.254 18.128 0.030 
59066.264 18.079 0.031 
59066.285 18.097 0.033 
59066.288 17.992 0.033 
59067.233 18.098 0.031 
59067.237 18.099 0.027 
59067.259 18.106 0.032 
59067.260 18.055 0.027 
59068.279 18.102 0.030 
59068.289 18.166 0.034 
59068.297 18.180 0.043 
59068.299 18.171 0.035 
59069.256 18.174 0.032 
59069.265 18.200 0.028 
59069.283 18.218 0.032 
59069.286 18.213 0.029 
59070.266 18.241 0.030 
59070.268 18.228 0.035 
59070.283 18.272 0.039 
59070.285 18.254 0.035 
59071.275 18.306 0.038 
59071.276 18.214 0.034 
59071.294 18.294 0.037 
59071.296 18.407 0.046 
59072.261 18.448 0.037 
59072.265 18.279 0.028 
59072.294 18.281 0.035 
59072.303 18.373 0.038 
59073.161 18.382 0.033 
59073.259 18.343 0.036 
59073.259 18.363 0.034 
59073.279 18.365 0.038 
59075.262 18.406 0.041 
59075.280 18.453 0.041 
59076.214 18.331 0.031 
59076.223 18.520 0.041 
59077.183 18.576 0.038 
59077.184 18.512 0.036 
59077.192 18.433 0.035 
59078.238 18.482 0.042 
59078.246 18.499 0.042 
59078.260 18.575 0.050 
59078.264 18.499 0.042 
59079.239 18.488 0.035 
59079.249 18.641 0.052 
59079.257 18.674 0.047 
59079.258 18.604 0.042 
59080.235 18.592 0.059 
59080.237 18.654 0.054 
59080.260 18.575 0.053 
59080.261 18.580 0.050 
59081.258 18.567 0.054 
59081.268 18.573 0.069 
59081.287 18.654 0.074 
59081.287 18.614 0.064 
59082.222 18.859 0.068 
59082.226 18.654 0.049 
59082.240 18.801 0.065 
59082.243 18.713 0.050 
59084.218 18.642 0.074 
59084.220 18.567 0.083 
59084.245 18.648 0.051 
59085.162 18.889 0.077 
59085.280 18.840 0.062 
59085.283 18.763 0.068 
59085.294 18.854 0.070 
59086.214 18.690 0.051 
59086.220 18.842 0.060 
59086.232 18.735 0.054 
59086.236 18.876 0.065 
59087.202 18.695 0.065 
59087.212 18.849 0.074 
59087.213 18.907 0.068 
59088.193 18.795 0.065 
59088.197 18.926 0.077 
59088.212 18.938 0.087 
59088.215 19.042 0.081 
59089.155 19.129 0.100 
59089.156 18.949 0.091 
59089.193 18.802 0.080 
59089.193 18.852 0.067 
59090.193 18.945 0.080 
59090.194 18.874 0.068 
59090.220 19.011 0.078 
59090.220 18.819 0.076 
59091.138 18.903 0.066 
59091.139 18.908 0.064 
59091.153 18.950 0.058 
59091.170 19.101 0.084 
59092.161 18.947 0.066 
59092.167 18.919 0.070 
59092.171 18.835 0.061 
59092.174 19.191 0.082 
59093.246 19.209 0.126 
59093.250 19.195 0.142 
59093.264 18.872 0.119 
59093.266 19.278 0.181 
59094.237 18.899 0.108 
59094.238 19.060 0.115 
59094.266 19.181 0.139 
59094.267 19.007 0.159 
